10 0.50390625 0.6625 0.346875 0.28125
10 0.346875 0.546875 0.18359375 0.228125
10 0.20390625 0.2265625 0.13046875 0.13203125
10 0.48203125 0.93984375 0.3953125 0.11953125
10 0.84765625 0.88828125 0.228125 0.22265625
10 0.8796875 0.3859375 0.159375 0.39296875
10 0.8703125 0.5828125 0.25859375 0.1625
10 0.3890625 0.534375 0.25 0.25546875
10 0.1578125 0.4890625 0.28828125 0.36015625
10 0.46796875 0.35546875 0.3 0.24921875
10 0.16640625 0.79609375 0.3328125 0.34765625
10 0.8203125 0.7125 0.30234375 0.30390625