10 0.34453125 0.62890625 0.359375 0.29609375
10 0.27734375 0.33125 0.17578125 0.35390625
10 0.5546875 0.39765625 0.1703125 0.53515625
10 0.7625 0.5296875 0.1984375 0.37421875
10 0.84765625 0.30703125 0.30390625 0.31328125
10 0.41796875 0.2421875 0.31640625 0.27265625
10 0.75234375 0.7890625 0.4953125 0.240625
10 0.9234375 0.515625 0.153125 0.32265625
10 0.0875 0.3609375 0.175 0.2875
10 0.1453125 0.18515625 0.28984375 0.19296875
10 0.3265625 0.70546875 0.653125 0.40546875
10 0.5 0.48515625 1 0.8375